0.8, 0.3, 0.15, 0.08, 0.03, 0.015, 0.008, 0.003 0.025, 0.022, 0.018, 0.014,
100.0 100.0
100.0 100.0
100.0 100.0
100.0 100.0
100.0 100.0
100.0 100.0
100.0 100.0
100.0 100.0
100.0 100.0
100.0 100.0
100.0 100.0
100.0 100.0
100.0 100.0
100.0 100.0
100.0 100.0
100.0 100.0
100.0 100.0
100.0 100.0
100.0 100.0
100.0 100.0
100.0 100.0
100.0 100.0
100.0 100.0
100.0 100.0
100.0 100.0
100.0 100.0
100.0 100.0
100.0 100.0
100.0 100.0
100.0 100.0
100.0 100.0
100.0 100.0
100.0 100.0
100.0 100.0
100.0 100.0
100.0 100.0
100.0 100.0
100.0 100.0
100.0 100.0
100.0 100.0
100.25 84.39217824087656
104.98009895596104 70.93638622803728
100.0 87.17533856869505
112.79022787134791 71.22981504794907
116.49367431098989 71.89016211606715
116.3457010858084 72.18007228163437
101.77692307692308 81.80716821243075
115.01845653333629 72.0736722779269
112.57334197597224 73.36470683982813
112.05028765925137 72.72409695227158
109.60459283422841 73.65699233832443
106.00415621502908 73.42635762775404
101.01525974025975 74.35856682458314
102.85637687709963 67.53957483421034
104.67709109441981 62.095208732591374
96.9593061629682 59.6175617543712
96.28428890469758 53.582216877358135
92.35441724714983 50.454647236489976
89.80063471694328 48.80106755021342
87.47336936585924 45.91591533435183
105.61234443660915 74.06117695130123
100.52815924913 77.96592723531741
101.426843989344 76.28216821363603
104.8779063042221 73.65811000212028
107.40407238215374 73.03206826577429
110.80618836037016 72.59150070687089
105.87925047494015 73.3024230456742
115.89124804195534 71.87395195035259
107.7359371533276 72.24579170381179
108.25176402145269 72.49093978908161
117.09025956944195 71.18701067094024
104.43893928133059 74.68464719570372
101.80298442395518 74.4509083235061
105.90319105759508 73.13471106791944
103.97882178610442 73.42180661504159
108.22305238734381 72.06106194745018
110.42562904221782 71.52899632455063
104.73964664964666 72.49333364959705
111.04003221579505 71.03069439638773
104.17907788358667 70.57251413519633
108.30912110249487 72.56733284608738
114.68305281457039 73.28243597160498
111.22184815486179 74.21922636876175
117.97342556788175 73.47599946417307
119.12285830067223 72.70089967215632
111.45636361438855 74.07882278122943
112.08701023375306 74.08107917862161
120.64434680424479 73.07653145970866
114.99902958685098 73.6247217533074
114.18586623197888 73.55604061635447
100.91726190476192 79.63213002219594
106.83521705749969 74.57521832898024
108.77044384952279 74.44079056533192
111.52092555272775 74.63040441247786
100.6024946359654 76.82771031005376
109.39307512826188 71.98800530172176
101.00341523234745 68.33008175474724
100.09020854130247 64.35468811438224
103.08161555808121 58.26387695816784
97.18406337975883 54.774663927868595
100.39453267039472 75.0363043473422
100.94719863469864 74.69718481507095
102.57501705810529 74.55004835611152
104.58126027732806 73.96654801784761
101.38732691318897 74.84450156103522
104.40905343060517 74.40516424128674
101.85567675078545 75.96366953245447
103.74476454607638 75.00421296766345
105.12890995454295 73.0554679470994
112.80415048311214 71.69858904905908
113.19221312709496 73.15978824724289
113.0304775019758 73.72709749202879
103.99414446664447 76.09462423628895
110.17599206339419 73.9322090340307
116.13991614226086 72.94055155931942
117.29872237240058 71.65352555514124
111.87343148807182 71.2150031540333
105.34299568680375 75.1534183377772
104.44364038107224 73.91068854659454
108.62973826931442 72.96144921754049
